Ardabil 34.3 (28.6, 40.6) 23.8 (18.2, 29.4)
Golestan 28.0 (22.0, 35.0) 19.1 (15.0, 23.1)
Khuzestan 25.7 (21.8, 30.1) 15.9 (12.4, 19.4)
Razavi Khorasan 19.3 (15.7, 23.4) 16.7 (14.0, 19.4)
Sistan and Baluchestan 18.8 (15.2, 22.9) 14.8 (12.0, 17.5)
Kurdistan 18.7 (15.2, 22.6) 14.9 (11.5, 18.3)
Tehran 17.5 (11.6, 25.7) 16.1 (11.6, 20.7)
Qom 17.3 (11.9, 24.5) 20.2 (14.6, 25.8)
Bushehr 16.8 (12.3, 22.5) 13.3 (9.7, 16.9)
Mazandaran 16.3 (13.0, 20.2) 11.8 (9.1, 14.4)
East Azerbaijan 15.9 (11.1, 22.3) 11.9 (7.5, 16.3)
Yazd 15.6 (11.2, 21.2) 10.8 (7.3, 14.3)
Zanjan 14.0 (10.8, 18.1) 10.7 (8.0, 13.5)
Qazvin 14.0 (9.8, 19.4) 10.5 (7.2, 13.8)
North Khorasan 13.9 (9.9, 19.0) 8.6 (6.1, 11.2)
Kohgiluyeh and Boyer-Ahmad 12.9 (9.9, 16.7) 13.7 (9.9, 17.5)
Markazi 12.8 (7.0, 22.4) 9.4 (6.3, 12.5)	
Chaharmahal and Bakhtiari 12.4 (8.8, 17.3) 7.4 (4.5, 10.3)
Lorestan 12.3 (9.0, 16.5) 11.7 (7.8, 15.6)
Hamedan 11.7 (7.8, 17.2) 9.9 (5.8, 14.0)
Kermanshah 10.3 (7.2, 14.6) 9.4 (6.2, 12.5)
Ilam 10.2 (7.3, 14.2) 9.2 (6.2, 12.1)
West Azerbaijan 9.7 (7.2, 12.9) 7.9 (5.6, 10.2)
Semnan 9.0 (5.4, 14.5) 9.5 (6.4, 12.5)
Fars 8.6 (5.7, 12.9) 8.5 (5.2, 11.8)
Gilan 8.0 (5.0, 12.5) 7.8 (4.2, 11.4)
Isfahan 7.9 (5.4, 11.5) 8.2 (5.4, 10.9) 
South Khorasan 7.5 (4.8, 11.5) 5.9 (3.6, 8.2)
Kerman 7.3 (5.0, 10.5) 6.8 (4.5, 9.0)
Hormozgan 6.9 (4.3, 10.8) 4.8 (2.5, 7.0)
Alborz 6.6 (4.3, 10.0) 11.3 (7.2, 15.3)
